ISS (ZARYA)             
1 25544U 98067A   25035.06542019  .00017864  00000+0  32270-3 0  9994
2 25544  51.6385 246.3830 0003595 271.3736 238.6066 15.49782580494510
CSS (TIANHE)            
1 48274U 21035A   25034.66171824  .00032930  00000+0  41584-3 0  9996
2 48274  41.4655 113.4138 0002603  77.4149 282.6980 15.58864866215286
ISS (NAUKA)             
1 49044U 21066A   25034.90960082  .00014202  00000+0  25841-3 0  9995
2 49044  51.6358 247.1556 0003839 265.7964  94.2586 15.49771115200077
FREGAT DEB              
1 49271U 11037PF  25031.76471152  .00016731  00000+0  34207-1 0  9993
2 49271  51.6567  46.3324 0936666 255.1053  94.4347 12.27017673163146
CSS (WENTIAN)           
1 53239U 22085A   25034.66171824  .00032930  00000+0  41584-3 0  9999
2 53239  41.4655 113.4138 0002603  77.4149 282.6980 15.58864866214945
CSS (MENGTIAN)          
1 54216U 22143A   25034.66171824  .00032930  00000+0  41584-3 0  9990
2 54216  41.4655 113.4138 0002603  77.4149 282.6980 15.58864866129036
CYGNUS NG-21            
1 60378U 24139A   25034.90960082  .00014202  00000+0  25841-3 0  9992
2 60378  51.6358 247.1556 0003839 265.7964  94.2586 15.49771115 28168
PROGRESS-MS 28          
1 60450U 24145A   25034.90960082  .00014202  00000+0  25841-3 0  9990
2 60450  51.6358 247.1556 0003839 265.7964  94.2586 15.49771115 26460
SOYUZ-MS 26             
1 61043U 24162A   25034.90960082  .00014202  00000+0  25841-3 0  9998
2 61043  51.6358 247.1556 0003839 265.7964  94.2586 15.49771115493669
CREW DRAGON 9           
1 61447U 24178A   25034.90960082  .00014202  00000+0  25841-3 0  9993
2 61447  51.6358 247.1556 0003839 265.7964  94.2586 15.49771115 19065
SHENZHOU-19 (SZ-19)     
1 61683U 24194A   25034.66171824  .00032930  00000+0  41584-3 0  9994
2 61683  41.4655 113.4138 0002603  77.4149 282.6980 15.58864866215117
TIANZHOU-8              
1 61983U 24211A   25034.66171824  .00032930  00000+0  41584-3 0  9997
2 61983  41.4655 113.4138 0002603  77.4149 282.6980 15.58864866214940
PROGRESS-MS 29          
1 62030U 24215A   25034.90960082  .00014202  00000+0  25841-3 0  9994
2 62030  51.6358 247.1556 0003839 265.7964  94.2586 15.49771115 10694
2024-013E               
1 62056U 24013E   25034.55879700  .00222891  00000+0  96782-3 0  9992
2 62056  41.4669 105.2929 0017290  30.8751 329.3110 15.83168258 13169
YODAKA                  
1 62295U 98067XB  25034.84397763  .00361675  00000+0  21827-2 0  9994
2 62295  51.6286 242.9574 0014417 229.0235 130.9518 15.75921169  8840
1998-067XC              
1 62296U 98067XC  25034.79675995  .00134336  00000+0  13538-2 0  9997
2 62296  51.6318 244.9048 0013597 186.3075 173.7750 15.64338014  8796
1998-067XD              
1 62297U 98067XD  25034.83533066  .00267130  00000+0  19880-2 0  9990
2 62297  51.6309 243.6581 0014783 198.6323 161.4136 15.71307163  8819
YOMOGI                  
1 62298U 98067XE  25034.79385091  .00139371  00000+0  13889-2 0  9997
2 62298  51.6307 244.8836 0013746 187.4588 172.6204 15.64598985  8794
ONGLAISAT               
1 62299U 98067XF  25034.76463472  .00309208  00000+0  21801-2 0  9996
2 62299  51.6305 243.9362 0011888 207.0834 152.9546 15.72510251  8783
ISS DEB                 
1 62376U 98067XG  25034.80115585  .00126114  00000+0  13971-2 0  9998
2 62376  51.6343 245.6939 0010977 187.8858 172.1965 15.61995533  7178
